function u0 = pdex5ic(x)
u0 = [0.0342; 0.499; 7.6e-4; 3.3e-7];
end